#ID     01 02 03 04 05 06 07 08 09 10 11 12 13 14 15 16 17 18 19 20 21 22 23 24 25 26 27 28 29 30 31 32 33 34 35 36 37 38 39 40 41 42 43 44 45 46 47 48 4
000     0  0  0  0  2  2  2  2  0  0  0  0  0  0  2  2  2  2  0  0  0  0  0  0  2  2  2  2  0  0  0  0  0  0  2  2  2  2  0  0  0  0  0  0  3  3  3  3  3
001     0  0  0  0  0  2  2  2  2  0  0  0  0  0  0  2  2  2  2  0  0  0  0  0  0  2  2  2  2  0  0  0  0  0  0  2  2  2  2  0  0  0  0  0  3  3  3  3  3
002     0  0  0  0  0  0  2  2  2  2  0  0  0  0  0  0  2  2  2  2  0  0  0  0  0  0  2  2  2  2  0  0  0  0  0  0  2  2  2  2  0  0  0  0  3  3  3  3  3
003     0  0  0  0  0  0  0  2  2  2  2  0  0  0  0  0  0  2  2  2  2  0  0  0  0  0  0  2  2  2  2  0  0  0  0  0  0  2  2  2  2  0  0  0  3  3  3  3  3
004     0  0  0  0  0  0  0  0  2  2  2  2  0  0  0  0  0  0  2  2  2  2  0  0  0  0  0  0  2  2  2  2  0  0  0  0  0  0  2  2  2  2  0  0  3  3  3  3  3
005     0  0  0  0  0  0  0  0  0  2  2  2  2  0  0  0  0  0  0  2  2  2  2  0  0  0  0  0  0  2  2  2  2  0  0  0  0  0  0  2  2  2  2  0  3  3  3  3  3
006     0  0  0  0  0  0  0  0  0  0  2  2  2  2  0  0  0  0  0  0  2  2  2  2  0  0  0  0  0  0  2  2  2  2  0  0  0  0  0  0  2  2  2  2  3  3  3  3  3
007     0  0  0  0  2  0  0  0  0  0  0  2  2  2  2  0  0  0  0  0  0  2  2  2  2  0  0  0  0  0  0  2  2  2  2  0  0  0  0  0  0  2  2  2  3  3  3  3  3
008     0  0  0  0  2  2  0  0  0  0  0  0  2  2  2  2  0  0  0  0  0  0  2  2  2  2  0  0  0  0  0  0  2  2  2  2  0  0  0  0  0  0  2  2  3  3  3  3  3
009     0  0  0  0  2  2  2  0  0  0  0  0  0  2  2  2  2  0  0  0  0  0  0  2  2  2  2  0  0  0  0  0  0  2  2  2  2  0  0  0  0  0  0  2  3  3  3  3  3
010     0  0  0  0  2  2  2  2  0  0  0  0  0  0  2  2  2  2  0  0  0  0  0  0  2  2  2  2  0  0  0  0  0  0  2  2  2  2  0  0  0  0  0  0  3  3  3  3  3
011     0  0  0  0  0  2  2  2  2  0  0  0  0  0  0  2  2  2  2  0  0  0  0  0  0  2  2  2  2  0  0  0  0  0  0  2  2  2  2  0  0  0  0  0  3  3  3  3  3
012     0  0  0  0  0  0  2  2  2  2  0  0  0  0  0  0  2  2  2  2  0  0  0  0  0  0  2  2  2  2  0  0  0  0  0  0  2  2  2  2  0  0  0  0  3  3  3  3  3
013     0  0  0  0  0  0  0  2  2  2  2  0  0  0  0  0  0  2  2  2  2  0  0  0  0  0  0  2  2  2  2  0  0  0  0  0  0  2  2  2  2  0  0  0  3  3  3  3  3
014     0  0  0  0  0  0  0  0  2  2  2  2  0  0  0  0  0  0  2  2  2  2  0  0  0  0  0  0  2  2  2  2  0  0  0  0  0  0  2  2  2  2  0  0  3  3  3  3  3
015     0  0  0  0  0  0  0  0  0  2  2  2  2  0  0  0  0  0  0  2  2  2  2  0  0  0  0  0  0  2  2  2  2  0  0  0  0  0  0  2  2  2  2  0  3  3  3  3  3
016     0  0  0  0  0  0  0  0  0  0  2  2  2  2  0  0  0  0  0  0  2  2  2  2  0  0  0  0  0  0  2  2  2  2  0  0  0  0  0  0  2  2  2  2  3  3  3  3  3
017     0  0  0  0  2  0  0  0  0  0  0  2  2  2  2  0  0  0  0  0  0  2  2  2  2  0  0  0  0  0  0  2  2  2  2  0  0  0  0  0  0  2  2  2  3  3  3  3  3
018     0  0  0  0  2  2  0  0  0  0  0  0  2  2  2  2  0  0  0  0  0  0  2  2  2  2  0  0  0  0  0  0  2  2  2  2  0  0  0  0  0  0  2  2  3  3  3  3  3
019     0  0  0  0  2  2  2  0  0  0  0  0  0  2  2  2  2  0  0  0  0  0  0  2  2  2  2  0  0  0  0  0  0  2  2  2  2  0  0  0  0  0  0  2  3  3  3  3  3
020     0  0  0  0  2  2  2  2  0  0  0  0  0  0  2  2  2  2  0  0  0  0  0  0  2  2  2  2  0  0  0  0  0  0  2  2  2  2  0  0  0  0  0  0  3  3  3  3  3
021     0  0  0  0  0  2  2  2  2  0  0  0  0  0  0  2  2  2  2  0  0  0  0  0  0  2  2  2  2  0  0  0  0  0  0  2  2  2  2  0  0  0  0  0  3  3  3  3  3
022     0  0  0  0  0  0  2  2  2  2  0  0  0  0  0  0  2  2  2  2  0  0  0  0  0  0  2  2  2  2  0  0  0  0  0  0  2  2  2  2  0  0  0  0  3  3  3  3  3
023     0  0  0  0  0  0  0  2  2  2  2  0  0  0  0  0  0  2  2  2  2  0  0  0  0  0  0  2  2  2  2  0  0  0  0  0  0  2  2  2  2  0  0  0  3  3  3  3  3
024     0  0  0  0  0  0  0  0  2  2  2  2  0  0  0  0  0  0  2  2  2  2  0  0  0  0  0  0  2  2  2  2  0  0  0  0  0  0  2  2  2  2  0  0  3  3  3  3  3
025     0  0  0  0  0  0  0  0  0  2  2  2  2  0  0  0  0  0  0  2  2  2  2  0  0  0  0  0  0  2  2  2  2  0  0  0  0  0  0  2  2  2  2  0  3  3  3  3  3
026     0  0  0  0  2  0  0  0  0  0  2  2  2  2  0  0  0  0  0  0  2  2  2  2  0  0  0  0  0  0  2  2  2  2  0  0  0  0  0  0  0  2  2  2  3  3  3  3  3
027     0  0  0  0  2  2  0  0  0  0  0  2  2  2  2  0  0  0  0  0  0  2  2  2  2  0  0  0  0  0  0  2  2  2  2  0  0  0  0  0  0  0  2  2  3  3  3  3  3
028     0  0  0  0  2  2  2  0  0  0  0  0  2  2  2  2  0  0  0  0  0  0  2  2  2  2  0  0  0  0  0  0  2  2  2  2  0  0  0  0  0  0  0  2  3  3  3  3  3
029     0  0  0  0  2  2  2  2  0  0  0  0  0  2  2  2  2  0  0  0  0  0  0  2  2  2  2  0  0  0  0  0  0  2  2  2  2  0  0  0  0  0  0  0  3  3  3  3  3
030     0  0  0  0  0  2  2  2  2  0  0  0  0  0  2  2  2  2  0  0  0  0  0  0  2  2  2  2  0  0  0  0  0  0  2  2  2  2  0  0  0  0  0  0  3  3  3  3  3
031     0  0  0  0  0  0  2  2  2  2  0  0  0  0  0  2  2  2  2  0  0  0  0  0  0  2  2  2  2  0  0  0  0  0  0  2  2  2  2  0  0  0  0  0  3  3  3  3  3
032     0  0  0  0  0  0  0  2  2  2  2  0  0  0  0  0  2  2  2  2  0  0  0  0  0  0  2  2  2  2  0  0  0  0  0  0  2  2  2  2  0  0  0  0  3  3  3  3  3
033     0  0  0  0  0  0  0  0  2  2  2  2  0  0  0  0  0  2  2  2  2  0  0  0  0  0  0  2  2  2  2  0  0  0  0  0  0  2  2  2  2  0  0  0  3  3  3  3  3
034     0  0  0  0  0  0  0  0  0  2  2  2  2  0  0  0  0  0  2  2  2  2  0  0  0  0  0  0  2  2  2  2  0  0  0  0  0  0  2  2  2  2  0  0  3  3  3  3  3
035     0  0  0  0  0  0  0  0  0  0  2  2  2  2  0  0  0  0  0  2  2  2  2  0  0  0  0  0  0  2  2  2  2  0  0  0  0  0  0  2  2  2  2  0  3  3  3  3  3
036     0  0  0  0  0  0  0  0  0  0  0  2  2  2  2  0  0  0  0  0  2  2  2  2  0  0  0  0  0  0  2  2  2  2  0  0  0  0  0  0  2  2  2  2  3  3  3  3  3
037     0  0  0  0  2  0  0  0  0  0  0  0  2  2  2  2  0  0  0  0  0  2  2  2  2  0  0  0  0  0  0  2  2  2  2  0  0  0  0  0  0  2  2  2  3  3  3  3  3
038     0  0  0  0  2  2  0  0  0  0  0  0  0  2  2  2  2  0  0  0  0  0  2  2  2  2  0  0  0  0  0  0  2  2  2  2  0  0  0  0  0  0  2  2  3  3  3  3  3
039     0  0  0  0  2  2  2  0  0  0  0  0  0  0  2  2  2  2  0  0  0  0  0  2  2  2  2  0  0  0  0  0  0  2  2  2  2  0  0  0  0  0  0  2  3  3  3  3  3
040     0  0  0  0  2  2  2  2  0  0  0  0  0  0  0  2  2  2  2  0  0  0  0  0  2  2  2  2  0  0  0  0  0  0  2  2  2  2  0  0  0  0  0  0  3  3  3  3  3
041     0  0  0  0  0  2  2  2  2  0  0  0  0  0  0  0  2  2  2  2  0  0  0  0  0  2  2  2  2  0  0  0  0  0  0  2  2  2  2  0  0  0  0  0  3  3  3  3  3
042     0  0  0  0  0  0  2  2  2  2  0  0  0  0  0  0  0  2  2  2  2  0  0  0  0  0  2  2  2  2  0  0  0  0  0  0  2  2  2  2  0  0  0  0  3  3  3  3  3
043     0  0  0  0  0  0  0  2  2  2  2  0  0  0  0  0  0  0  2  2  2  2  0  0  0  0  0  2  2  2  2  0  0  0  0  0  0  2  2  2  2  0  0  0  3  3  3  3  3
044     0  0  0  0  0  0  0  0  2  2  2  2  0  0  0  0  0  0  0  2  2  2  2  0  0  0  0  0  2  2  2  2  0  0  0  0  0  0  2  2  2  2  0  0  3  3  3  3  3
045     0  0  0  0  0  0  0  0  0  2  2  2  2  0  0  0  0  0  0  0  2  2  2  2  0  0  0  0  0  2  2  2  2  0  0  0  0  0  0  2  2  2  2  0  3  3  3  3  3
046     0  0  0  0  0  0  0  0  0  0  2  2  2  2  0  0  0  0  0  0  0  2  2  2  2  0  0  0  0  0  2  2  2  2  0  0  0  0  0  0  2  2  2  2  3  3  3  3  3
047     0  0  0  0  2  0  0  0  0  0  0  2  2  2  2  0  0  0  0  0  0  0  2  2  2  2  0  0  0  0  0  2  2  2  2  0  0  0  0  0  0  2  2  2  3  3  3  3  3
048     0  0  0  0  2  2  0  0  0  0  0  0  2  2  2  2  0  0  0  0  0  0  0  2  2  2  2  0  0  0  0  0  2  2  2  2  0  0  0  0  0  0  2  2  3  3  3  3  3
049     0  0  0  0  2  2  2  0  2  0  0  0  0  0  2  2  2  0  2  0  0  0  0  0  2  2  2  0  2  0  0  0  0  0  2  2  2  0  2  0  0  0  0  0  3  3  3  3  3
050     0  0  0  0  0  2  2  2  0  2  0  0  0  0  0  2  2  2  0  2  0  0  0  0  0  2  2  2  0  2  0  0  0  0  0  2  2  2  0  2  0  0  0  0  3  3  3  3  3
