#ID     01 02 03 04 05 06 07 08 09 10 11 12 13 14 15 16 17 18 19 20 21 22 23 24 25 26 27 28 29 30 31 32 33 34 35 36 37 38 39 40 41 42 43 44 45 46 47 48 49  
000     1  1  1  1  0  0  0  0  0  0  1  1  1  1  0  0  0  0  0  0  1  1  1  1  0  0  0  0  0  0  1  1  1  1  0  0  0  0  0  0  1  1  1  1  0  0  0  0  0
001     0  1  1  1  1  0  0  0  0  0  0  1  1  1  1  0  0  0  0  0  0  1  1  1  1  0  0  0  0  0  0  1  1  1  1  0  0  0  0  0  0  1  1  1  1  0  0  0  0
002     0  0  1  1  1  1  0  0  0  0  0  0  1  1  1  1  0  0  0  0  0  0  1  1  1  1  0  0  0  0  0  0  1  1  1  1  0  0  0  0  0  0  1  1  1  1  0  0  0
003     0  0  0  1  1  1  1  0  0  0  0  0  0  1  1  1  1  0  0  0  0  0  0  1  1  1  1  0  0  0  0  0  0  1  1  1  1  0  0  0  0  0  0  1  1  1  1  0  0
004     0  0  0  0  1  1  1  1  0  0  0  0  0  0  1  1  1  1  0  0  0  0  0  0  1  1  1  1  0  0  0  0  0  0  1  1  1  1  0  0  0  0  0  0  1  1  1  1  0
005     0  0  0  0  0  1  1  1  1  0  0  0  0  0  0  1  1  1  1  0  0  0  0  0  0  1  1  1  1  0  0  0  0  0  0  1  1  1  1  0  0  0  0  0  0  1  1  1  1
006     1  0  0  0  0  0  1  1  1  1  0  0  0  0  0  0  1  1  1  1  0  0  0  0  0  0  1  1  1  1  0  0  0  0  0  0  1  1  1  1  0  0  0  0  0  0  1  1  1
007     1  1  0  0  0  0  0  1  1  1  1  0  0  0  0  0  0  1  1  1  1  0  0  0  0  0  0  1  1  1  1  0  0  0  0  0  0  1  1  1  1  0  0  0  0  0  0  1  1
008     1  1  1  0  0  0  0  0  1  1  1  1  0  0  0  0  0  0  1  1  1  1  0  0  0  0  0  0  1  1  1  1  0  0  0  0  0  0  1  1  1  1  0  0  0  0  0  0  1
009     1  1  1  1  0  0  0  0  0  1  1  1  1  0  0  0  0  0  0  1  1  1  1  0  0  0  0  0  0  1  1  1  1  0  0  0  0  0  0  1  1  1  1  0  0  0  0  0  0
010     0  1  1  1  1  0  0  0  0  0  1  1  1  1  0  0  0  0  0  0  1  1  1  1  0  0  0  0  0  0  1  1  1  1  0  0  0  0  0  0  1  1  1  1  0  0  0  0  0
011     0  0  1  1  1  1  0  0  0  0  0  1  1  1  1  0  0  0  0  0  0  1  1  1  1  0  0  0  0  0  0  1  1  1  1  0  0  0  0  0  0  1  1  1  1  0  0  0  0
012     0  0  0  1  1  1  1  0  0  0  0  0  1  1  1  1  0  0  0  0  0  0  1  1  1  1  0  0  0  0  0  0  1  1  1  1  0  0  0  0  0  0  1  1  1  1  0  0  0
013     0  0  0  0  1  1  1  1  0  0  0  0  0  1  1  1  1  0  0  0  0  0  0  1  1  1  1  0  0  0  0  0  0  1  1  1  1  0  0  0  0  0  0  1  1  1  1  0  0
014     0  0  0  0  0  1  1  1  1  0  0  0  0  0  1  1  1  1  0  0  0  0  0  0  1  1  1  1  0  0  0  0  0  0  1  1  1  1  0  0  0  0  0  0  1  1  1  1  0
015     0  0  0  0  0  0  1  1  1  1  0  0  0  0  0  1  1  1  1  0  0  0  0  0  0  1  1  1  1  0  0  0  0  0  0  1  1  1  1  0  0  0  0  0  0  1  1  1  1
016     1  0  0  0  0  0  0  1  1  1  1  0  0  0  0  0  1  1  1  1  0  0  0  0  0  0  1  1  1  1  0  0  0  0  0  0  1  1  1  1  0  0  0  0  0  0  1  1  1
017     1  1  0  0  0  0  0  0  1  1  1  1  0  0  0  0  0  1  1  1  1  0  0  0  0  0  0  1  1  1  1  0  0  0  0  0  0  1  1  1  1  0  0  0  0  0  0  1  1
018     1  1  1  0  0  0  0  0  0  1  1  1  1  0  0  0  0  0  1  1  1  1  0  0  0  0  0  0  1  1  1  1  0  0  0  0  0  0  1  1  1  1  0  0  0  0  0  0  1
019     1  1  1  1  0  0  0  0  0  0  1  1  1  1  0  0  0  0  0  1  1  1  1  0  0  0  0  0  0  1  1  1  1  0  0  0  0  0  0  1  1  1  1  0  0  0  0  0  0
020     0  1  1  1  1  0  0  0  0  0  0  1  1  1  1  0  0  0  0  0  1  1  1  1  0  0  0  0  0  0  1  1  1  1  0  0  0  0  0  0  1  1  1  1  0  0  0  0  0
021     0  0  1  1  1  1  0  0  0  0  0  0  1  1  1  1  0  0  0  0  0  1  1  1  1  0  0  0  0  0  0  1  1  1  1  0  0  0  0  0  0  1  1  1  1  0  0  0  0
022     0  0  0  1  1  1  1  0  0  0  0  0  0  1  1  1  1  0  0  0  0  0  1  1  1  1  0  0  0  0  0  0  1  1  1  1  0  0  0  0  0  0  1  1  1  1  0  0  0
023     0  0  0  0  1  1  1  1  0  0  0  0  0  0  1  1  1  1  0  0  0  0  0  1  1  1  1  0  0  0  0  0  0  1  1  1  1  0  0  0  0  0  0  1  1  1  1  0  0
024     0  0  0  0  0  1  1  1  1  0  0  0  0  0  0  1  1  1  1  0  0  0  0  0  1  1  1  1  0  0  0  0  0  0  1  1  1  1  0  0  0  0  0  0  1  1  1  1  0
025     0  0  0  0  0  0  1  1  1  1  0  0  0  0  0  0  1  1  1  1  0  0  0  0  0  1  1  1  1  0  0  0  0  0  0  1  1  1  1  0  0  0  0  0  0  1  1  1  1
026     1  0  0  0  0  0  0  1  1  1  1  0  0  0  0  0  0  1  1  1  1  0  0  0  0  0  1  1  1  1  0  0  0  0  0  0  1  1  1  1  0  0  0  0  0  0  1  1  1
027     1  1  0  0  0  0  0  0  1  1  1  1  0  0  0  0  0  0  1  1  1  1  0  0  0  0  0  1  1  1  1  0  0  0  0  0  0  1  1  1  1  0  0  0  0  0  0  1  1
028     1  1  1  0  0  0  0  0  0  1  1  1  1  0  0  0  0  0  0  1  1  1  1  0  0  0  0  0  1  1  1  1  0  0  0  0  0  0  1  1  1  1  0  0  0  0  0  0  1
029     1  1  1  1  0  0  0  0  0  0  1  1  1  1  0  0  0  0  0  0  1  1  1  1  0  0  0  0  0  1  1  1  1  0  0  0  0  0  0  1  1  1  1  0  0  0  0  0  0
030     0  1  1  1  1  0  0  0  0  0  0  1  1  1  1  0  0  0  0  0  0  1  1  1  1  0  0  0  0  0  1  1  1  1  0  0  0  0  0  0  1  1  1  1  0  0  0  0  0
031     0  0  1  1  1  1  0  0  0  0  0  0  1  1  1  1  0  0  0  0  0  0  1  1  1  1  0  0  0  0  0  1  1  1  1  0  0  0  0  0  0  1  1  1  1  0  0  0  0
032     0  0  0  1  1  1  1  0  0  0  0  0  0  1  1  1  1  0  0  0  0  0  0  1  1  1  1  0  0  0  0  0  1  1  1  1  0  0  0  0  0  0  1  1  1  1  0  0  0
033     0  0  0  0  1  1  1  1  0  0  0  0  0  0  1  1  1  1  0  0  0  0  0  0  1  1  1  1  0  0  0  0  0  1  1  1  1  0  0  0  0  0  0  1  1  1  1  0  0
034     0  0  0  0  0  1  1  1  1  0  0  0  0  0  0  1  1  1  1  0  0  0  0  0  0  1  1  1  1  0  0  0  0  0  1  1  1  1  0  0  0  0  0  0  1  1  1  1  0
035     0  0  0  0  0  0  1  1  1  1  0  0  0  0  0  0  1  1  1  1  0  0  0  0  0  0  1  1  1  1  0  0  0  0  0  1  1  1  1  0  0  0  0  0  0  1  1  1  1
036     1  0  0  0  0  0  0  1  1  1  1  0  0  0  0  0  0  1  1  1  1  0  0  0  0  0  0  1  1  1  1  0  0  0  0  0  1  1  1  1  0  0  0  0  0  0  1  1  1
037     1  1  0  0  0  0  0  0  1  1  1  1  0  0  0  0  0  0  1  1  1  1  0  0  0  0  0  0  1  1  1  1  0  0  0  0  0  1  1  1  1  0  0  0  0  0  0  1  1
038     1  1  1  0  0  0  0  0  0  1  1  1  1  0  0  0  0  0  0  1  1  1  1  0  0  0  0  0  0  1  1  1  1  0  0  0  0  0  1  1  1  1  0  0  0  0  0  0  1
039     1  1  1  1  0  0  0  0  0  0  1  1  1  1  0  0  0  0  0  0  1  1  1  1  0  0  0  0  0  0  1  1  1  1  0  0  0  0  0  1  1  1  1  0  0  0  0  0  0
040     0  1  1  1  1  0  0  0  0  0  0  1  1  1  1  0  0  0  0  0  0  1  1  1  1  0  0  0  0  0  0  1  1  1  1  0  0  0  0  0  1  1  1  1  0  0  0  0  0
041     0  0  1  1  1  1  0  0  0  0  0  0  1  1  1  1  0  0  0  0  0  0  1  1  1  1  0  0  0  0  0  0  1  1  1  1  0  0  0  0  0  1  1  1  1  0  0  0  0
042     0  0  0  1  1  1  1  0  0  0  0  0  0  1  1  1  1  0  0  0  0  0  0  1  1  1  1  0  0  0  0  0  0  1  1  1  1  0  0  0  0  0  1  1  1  1  0  0  0
043     0  0  0  0  1  1  1  1  0  0  0  0  0  0  1  1  1  1  0  0  0  0  0  0  1  1  1  1  0  0  0  0  0  0  1  1  1  1  0  0  0  0  0  1  1  1  1  0  0
044     0  0  0  0  0  1  1  1  1  0  0  0  0  0  0  1  1  1  1  0  0  0  0  0  0  1  1  1  1  0  0  0  0  0  0  1  1  1  1  0  0  0  0  0  1  1  1  1  0
045     0  0  0  0  0  0  1  1  1  1  0  0  0  0  0  0  1  1  1  1  0  0  0  0  0  0  1  1  1  1  0  0  0  0  0  0  1  1  1  1  0  0  0  0  0  1  1  1  1
046     1  0  0  0  0  0  0  1  1  1  1  0  0  0  0  0  0  1  1  1  1  0  0  0  0  0  0  1  1  1  1  0  0  0  0  0  0  1  1  1  1  0  0  0  0  0  1  1  1
047     1  1  0  0  0  0  0  0  1  1  1  1  0  0  0  0  0  0  1  1  1  1  0  0  0  0  0  0  1  1  1  1  0  0  0  0  0  0  1  1  1  1  0  0  0  0  0  1  1
048     1  1  1  0  0  0  0  0  0  1  1  1  1  0  0  0  0  0  0  1  1  1  1  0  0  0  0  0  0  1  1  1  1  0  0  0  0  0  0  1  1  1  1  0  0  0  0  0  1
049     1  1  1  0  1  0  0  0  0  0  1  1  1  0  1  0  0  0  0  0  1  1  1  0  1  0  0  0  0  0  1  1  1  0  1  0  0  0  0  0  1  1  1  0  1  0  0  0  0
050     0  1  1  1  0  1  0  0  0  0  0  1  1  1  0  1  0  0  0  0  0  1  1  1  0  1  0  0  0  0  0  1  1  1  0  1  0  0  0  0  0  1  1  1  0  1  0  0  0
051     0  0  1  1  1  0  1  0  0  0  0  0  1  1  1  0  1  0  0  0  0  0  1  1  1  0  1  0  0  0  0  0  1  1  1  0  1  0  0  0  0  0  1  1  1  0  1  0  0
052     0  0  0  1  1  1  0  1  0  0  0  0  0  1  1  1  0  1  0  0  0  0  0  1  1  1  0  1  0  0  0  0  0  1  1  1  0  1  0  0  0  0  0  1  1  1  0  1  0
053     0  0  0  0  1  1  1  0  1  0  0  0  0  0  1  1  1  0  1  0  0  0  0  0  1  1  1  0  1  0  0  0  0  0  1  1  1  0  1  0  0  0  0  0  1  1  1  0  1
054     1  0  0  0  0  1  1  1  0  1  0  0  0  0  0  1  1  1  0  1  0  0  0  0  0  1  1  1  0  1  0  0  0  0  0  1  1  1  0  1  0  0  0  0  0  1  1  1  0
055     0  1  0  0  0  0  1  1  1  0  1  0  0  0  0  0  1  1  1  0  1  0  0  0  0  0  1  1  1  0  1  0  0  0  0  0  1  1  1  0  1  0  0  0  0  0  1  1  1
056     1  0  1  0  0  0  0  1  1  1  0  1  0  0  0  0  0  1  1  1  0  1  0  0  0  0  0  1  1  1  0  1  0  0  0  0  0  1  1  1  0  1  0  0  0  0  0  1  1
057     1  1  0  1  0  0  0  0  1  1  1  0  1  0  0  0  0  0  1  1  1  0  1  0  0  0  0  0  1  1  1  0  1  0  0  0  0  0  1  1  1  0  1  0  0  0  0  0  1
058     1  1  1  0  1  0  0  0  0  1  1  1  0  1  0  0  0  0  0  1  1  1  0  1  0  0  0  0  0  1  1  1  0  1  0  0  0  0  0  1  1  1  0  1  0  0  0  0  0
059     0  1  1  1  0  1  0  0  0  0  1  1  1  0  1  0  0  0  0  0  1  1  1  0  1  0  0  0  0  0  1  1  1  0  1  0  0  0  0  0  1  1  1  0  1  0  0  0  0
060     0  0  1  1  1  0  1  0  0  0  0  1  1  1  0  1  0  0  0  0  0  1  1  1  0  1  0  0  0  0  0  1  1  1  0  1  0  0  0  0  0  1  1  1  0  1  0  0  0
061     0  0  0  1  1  1  0  1  0  0  0  0  1  1  1  0  1  0  0  0  0  0  1  1  1  0  1  0  0  0  0  0  1  1  1  0  1  0  0  0  0  0  1  1  1  0  1  0  0
062     0  0  0  0  1  1  1  0  1  0  0  0  0  1  1  1  0  1  0  0  0  0  0  1  1  1  0  1  0  0  0  0  0  1  1  1  0  1  0  0  0  0  0  1  1  1  0  1  0
063     0  0  0  0  0  1  1  1  0  1  0  0  0  0  1  1  1  0  1  0  0  0  0  0  1  1  1  0  1  0  0  0  0  0  1  1  1  0  1  0  0  0  0  0  1  1  1  0  1
064     1  0  0  0  0  0  1  1  1  0  1  0  0  0  0  1  1  1  0  1  0  0  0  0  0  1  1  1  0  1  0  0  0  0  0  1  1  1  0  1  0  0  0  0  0  1  1  1  0
065     0  1  0  0  0  0  0  1  1  1  0  1  0  0  0  0  1  1  1  0  1  0  0  0  0  0  1  1  1  0  1  0  0  0  0  0  1  1  1  0  1  0  0  0  0  0  1  1  1
066     1  0  1  0  0  0  0  0  1  1  1  0  1  0  0  0  0  1  1  1  0  1  0  0  0  0  0  1  1  1  0  1  0  0  0  0  0  1  1  1  0  1  0  0  0  0  0  1  1
067     1  1  0  1  0  0  0  0  0  1  1  1  0  1  0  0  0  0  1  1  1  0  1  0  0  0  0  0  1  1  1  0  1  0  0  0  0  0  1  1  1  0  1  0  0  0  0  0  1
068     1  1  1  0  1  0  0  0  0  0  1  1  1  0  1  0  0  0  0  1  1  1  0  1  0  0  0  0  0  1  1  1  0  1  0  0  0  0  0  1  1  1  0  1  0  0  0  0  0
069     0  1  1  1  0  1  0  0  0  0  0  1  1  1  0  1  0  0  0  0  1  1  1  0  1  0  0  0  0  0  1  1  1  0  1  0  0  0  0  0  1  1  1  0  1  0  0  0  0
070     0  0  1  1  1  0  1  0  0  0  0  0  1  1  1  0  1  0  0  0  0  1  1  1  0  1  0  0  0  0  0  1  1  1  0  1  0  0  0  0  0  1  1  1  0  1  0  0  0
071     0  0  0  1  1  1  0  1  0  0  0  0  0  1  1  1  0  1  0  0  0  0  1  1  1  0  1  0  0  0  0  0  1  1  1  0  1  0  0  0  0  0  1  1  1  0  1  0  0
072     0  0  0  0  1  1  1  0  1  0  0  0  0  0  1  1  1  0  1  0  0  0  0  1  1  1  0  1  0  0  0  0  0  1  1  1  0  1  0  0  0  0  0  1  1  1  0  1  0
073     0  0  0  0  0  1  1  1  0  1  0  0  0  0  0  1  1  1  0  1  0  0  0  0  1  1  1  0  1  0  0  0  0  0  1  1  1  0  1  0  0  0  0  0  1  1  1  0  1
074     1  0  0  0  0  0  1  1  1  0  1  0  0  0  0  0  1  1  1  0  1  0  0  0  0  1  1  1  0  1  0  0  0  0  0  1  1  1  0  1  0  0  0  0  0  1  1  1  0
075     0  1  0  0  0  0  0  1  1  1  0  1  0  0  0  0  0  1  1  1  0  1  0  0  0  0  1  1  1  0  1  0  0  0  0  0  1  1  1  0  1  0  0  0  0  0  1  1  1
076     1  0  1  0  0  0  0  0  1  1  1  0  1  0  0  0  0  0  1  1  1  0  1  0  0  0  0  1  1  1  0  1  0  0  0  0  0  1  1  1  0  1  0  0  0  0  0  1  1
077     1  1  0  1  0  0  0  0  0  1  1  1  0  1  0  0  0  0  0  1  1  1  0  1  0  0  0  0  1  1  1  0  1  0  0  0  0  0  1  1  1  0  1  0  0  0  0  0  1
078     1  1  1  0  1  0  0  0  0  0  1  1  1  0  1  0  0  0  0  0  1  1  1  0  1  0  0  0  0  1  1  1  0  1  0  0  0  0  0  1  1  1  0  1  0  0  0  0  0
079     0  1  1  1  0  1  0  0  0  0  0  1  1  1  0  1  0  0  0  0  0  1  1  1  0  1  0  0  0  0  1  1  1  0  1  0  0  0  0  0  1  1  1  0  1  0  0  0  0
080     0  0  1  1  1  0  1  0  0  0  0  0  1  1  1  0  1  0  0  0  0  0  1  1  1  0  1  0  0  0  0  1  1  1  0  1  0  0  0  0  0  1  1  1  0  1  0  0  0
081     0  0  0  1  1  1  0  1  0  0  0  0  0  1  1  1  0  1  0  0  0  0  0  1  1  1  0  1  0  0  0  0  1  1  1  0  1  0  0  0  0  0  1  1  1  0  1  0  0
082     0  0  0  0  1  1  1  0  1  0  0  0  0  0  1  1  1  0  1  0  0  0  0  0  1  1  1  0  1  0  0  0  0  1  1  1  0  1  0  0  0  0  0  1  1  1  0  1  0
083     0  0  0  0  0  1  1  1  0  1  0  0  0  0  0  1  1  1  0  1  0  0  0  0  0  1  1  1  0  1  0  0  0  0  1  1  1  0  1  0  0  0  0  0  1  1  1  0  1
084     1  0  0  0  0  0  1  1  1  0  1  0  0  0  0  0  1  1  1  0  1  0  0  0  0  0  1  1  1  0  1  0  0  0  0  1  1  1  0  1  0  0  0  0  0  1  1  1  0
085     0  1  0  0  0  0  0  1  1  1  0  1  0  0  0  0  0  1  1  1  0  1  0  0  0  0  0  1  1  1  0  1  0  0  0  0  1  1  1  0  1  0  0  0  0  0  1  1  1
086     1  0  1  0  0  0  0  0  1  1  1  0  1  0  0  0  0  0  1  1  1  0  1  0  0  0  0  0  1  1  1  0  1  0  0  0  0  1  1  1  0  1  0  0  0  0  0  1  1
087     1  1  0  1  0  0  0  0  0  1  1  1  0  1  0  0  0  0  0  1  1  1  0  1  0  0  0  0  0  1  1  1  0  1  0  0  0  0  1  1  1  0  1  0  0  0  0  0  1
088     1  1  1  0  1  0  0  0  0  0  1  1  1  0  1  0  0  0  0  0  1  1  1  0  1  0  0  0  0  0  1  1  1  0  1  0  0  0  0  1  1  1  0  1  0  0  0  0  0
089     0  1  1  1  0  1  0  0  0  0  0  1  1  1  0  1  0  0  0  0  0  1  1  1  0  1  0  0  0  0  0  1  1  1  0  1  0  0  0  0  1  1  1  0  1  0  0  0  0
090     0  0  1  1  1  0  1  0  0  0  0  0  1  1  1  0  1  0  0  0  0  0  1  1  1  0  1  0  0  0  0  0  1  1  1  0  1  0  0  0  0  1  1  1  0  1  0  0  0
091     0  0  0  1  1  1  0  1  0  0  0  0  0  1  1  1  0  1  0  0  0  0  0  1  1  1  0  1  0  0  0  0  0  1  1  1  0  1  0  0  0  0  1  1  1  0  1  0  0
092     0  0  0  0  1  1  1  0  1  0  0  0  0  0  1  1  1  0  1  0  0  0  0  0  1  1  1  0  1  0  0  0  0  0  1  1  1  0  1  0  0  0  0  1  1  1  0  1  0
093     0  0  0  0  0  1  1  1  0  1  0  0  0  0  0  1  1  1  0  1  0  0  0  0  0  1  1  1  0  1  0  0  0  0  0  1  1  1  0  1  0  0  0  0  1  1  1  0  1
094     1  0  0  0  0  0  1  1  1  0  1  0  0  0  0  0  1  1  1  0  1  0  0  0  0  0  1  1  1  0  1  0  0  0  0  0  1  1  1  0  1  0  0  0  0  1  1  1  0
095     0  1  0  0  0  0  0  1  1  1  0  1  0  0  0  0  0  1  1  1  0  1  0  0  0  0  0  1  1  1  0  1  0  0  0  0  0  1  1  1  0  1  0  0  0  0  1  1  1
096     1  0  1  0  0  0  0  0  1  1  1  0  1  0  0  0  0  0  1  1  1  0  1  0  0  0  0  0  1  1  1  0  1  0  0  0  0  0  1  1  1  0  1  0  0  0  0  1  1
097     1  1  0  1  0  0  0  0  0  1  1  1  0  1  0  0  0  0  0  1  1  1  0  1  0  0  0  0  0  1  1  1  0  1  0  0  0  0  0  1  1  1  0  1  0  0  0  0  1
098     1  1  1  0  0  1  0  0  0  0  1  1  1  0  0  1  0  0  0  0  1  1  1  0  0  1  0  0  0  0  1  1  1  0  0  1  0  0  0  0  1  1  1  0  0  1  0  0  0
099     0  1  1  1  0  0  1  0  0  0  0  1  1  1  0  0  1  0  0  0  0  1  1  1  0  0  1  0  0  0  0  1  1  1  0  0  1  0  0  0  0  1  1  1  0  0  1  0  0
100     0  0  1  1  1  0  0  1  0  0  0  0  1  1  1  0  0  1  0  0  0  0  1  1  1  0  0  1  0  0  0  0  1  1  1  0  0  1  0  0  0  0  1  1  1  0  0  1  0
