#ID 01 02 03 04 05 06 07 08 09 10 11 12 13 14 15 16 17 18 19 20 21 22 23 24 25 26 27 28 29 30 31 32 33 34 35 36 37 38 39 40 41 42 43 44 45 46 47 48 49
000  1  1  1  1  0  0  0  0  0  1  1  1  1  0  0  0  0  0  0  1  1  1  1  0  0  0  0  0  0  1  1  1  1  0  0  0  0  0  0  1  1  1  1  0  0  0  0  0  0
001  0  1  1  1  1  0  0  0  0  0  1  1  1  1  0  0  0  0  0  0  1  1  1  1  0  0  0  0  0  0  1  1  1  1  0  0  0  0  0  0  1  1  1  1  0  0  0  0  0 
002  0  0  1  1  1  1  0  0  0  0  0  1  1  1  1  0  0  0  0  0  0  1  1  1  1  0  0  0  0  0  0  1  1  1  1  0  0  0  0  0  0  1  1  1  1  0  0  0  0 
003  0  0  0  1  1  1  1  0  0  0  0  0  1  1  1  1  0  0  0  0  0  0  1  1  1  1  0  0  0  0  0  0  1  1  1  1  0  0  0  0  0  0  1  1  1  1  0  0  0 
004  0  0  0  0  1  1  1  1  0  0  0  0  0  1  1  1  1  0  0  0  0  0  0  1  1  1  1  0  0  0  0  0  0  1  1  1  1  0  0  0  0  0  0  1  1  1  1  0  0 
005  0  0  0  0  0  1  1  1  1  0  0  0  0  0  1  1  1  1  0  0  0  0  0  0  1  1  1  1  0  0  0  0  0  0  1  1  1  1  0  0  0  0  0  0  1  1  1  1  0 
006  0  0  0  0  0  0  1  1  1  1  0  0  0  0  0  1  1  1  1  0  0  0  0  0  0  1  1  1  1  0  0  0  0  0  0  1  1  1  1  0  0  0  0  0  0  1  1  1  1   
007  1  0  0  0  0  0  0  1  1  1  1  0  0  0  0  0  1  1  1  1  0  0  0  0  0  0  1  1  1  1  0  0  0  0  0  0  1  1  1  1  0  0  0  0  0  0  1  1  1  
008  1  1  0  0  0  0  0  0  1  1  1  1  0  0  0  0  0  1  1  1  1  0  0  0  0  0  0  1  1  1  1  0  0  0  0  0  0  1  1  1  1  0  0  0  0  0  0  1  1 
009  1  1  1  0  0  0  0  0  0  1  1  1  1  0  0  0  0  0  1  1  1  1  0  0  0  0  0  0  1  1  1  1  0  0  0  0  0  0  1  1  1  1  0  0  0  0  0  0  1 
010  1  1  1  1  0  0  0  0  0  0  1  1  1  1  0  0  0  0  0  1  1  1  1  0  0  0  0  0  0  1  1  1  1  0  0  0  0  0  0  1  1  1  1  0  0  0  0  0  0
011  0  1  1  1  1  0  0  0  0  0  0  1  1  1  1  0  0  0  0  0  1  1  1  1  0  0  0  0  0  0  1  1  1  1  0  0  0  0  0  0  1  1  1  1  0  0  0  0  0
012  0  0  1  1  1  1  0  0  0  0  0  0  1  1  1  1  0  0  0  0  0  1  1  1  1  0  0  0  0  0  0  1  1  1  1  0  0  0  0  0  0  1  1  1  1  0  0  0  0
013  0  0  0  1  1  1  1  0  0  0  0  0  0  1  1  1  1  0  0  0  0  0  1  1  1  1  0  0  0  0  0  0  1  1  1  1  0  0  0  0  0  0  1  1  1  1  0  0  0
014  0  0  0  0  1  1  1  1  0  0  0  0  0  0  1  1  1  1  0  0  0  0  0  1  1  1  1  0  0  0  0  0  0  1  1  1  1  0  0  0  0  0  0  1  1  1  1  0  0
015  0  0  0  0  0  1  1  1  1  0  0  0  0  0  0  1  1  1  1  0  0  0  0  0  1  1  1  1  0  0  0  0  0  0  1  1  1  1  0  0  0  0  0  0  1  1  1  1  0
016  0  0  0  0  0  0  1  1  1  1  0  0  0  0  0  0  1  1  1  1  0  0  0  0  0  1  1  1  1  0  0  0  0  0  0  1  1  1  1  0  0  0  0  0  0  1  1  1  1
017  1  0  0  0  0  0  0  1  1  1  1  0  0  0  0  0  0  1  1  1  1  0  0  0  0  0  1  1  1  1  0  0  0  0  0  0  1  1  1  1  0  0  0  0  0  0  1  1  1
018  1  1  0  0  0  0  0  0  1  1  1  1  0  0  0  0  0  0  1  1  1  1  0  0  0  0  0  1  1  1  1  0  0  0  0  0  0  1  1  1  1  0  0  0  0  0  0  1  1
019  1  1  1  0  0  0  0  0  0  1  1  1  1  0  0  0  0  0  0  1  1  1  1  0  0  0  0  0  1  1  1  1  0  0  0  0  0  0  1  1  1  1  0  0  0  0  0  0  1
020  1  1  1  1  0  0  0  0  0  0  1  1  1  1  0  0  0  0  0  0  1  1  1  1  0  0  0  0  0  1  1  1  1  0  0  0  0  0  0  1  1  1  1  0  0  0  0  0  0
021  0  1  1  1  1  0  0  0  0  0  0  1  1  1  1  0  0  0  0  0  0  1  1  1  1  0  0  0  0  0  1  1  1  1  0  0  0  0  0  0  1  1  1  1  0  0  0  0  0
022  0  0  1  1  1  1  0  0  0  0  0  0  1  1  1  1  0  0  0  0  0  0  1  1  1  1  0  0  0  0  0  1  1  1  1  0  0  0  0  0  0  1  1  1  1  0  0  0  0
023  0  0  0  1  1  1  1  0  0  0  0  0  0  1  1  1  1  0  0  0  0  0  0  1  1  1  1  0  0  0  0  0  1  1  1  1  0  0  0  0  0  0  1  1  1  1  0  0  0 
024  0  0  0  0  1  1  1  1  0  0  0  0  0  0  1  1  1  1  0  0  0  0  0  0  1  1  1  1  0  0  0  0  0  1  1  1  1  0  0  0  0  0  0  1  1  1  1  0  0 
025  0  0  0  0  0  1  1  1  1  0  0  0  0  0  0  1  1  1  1  0  0  0  0  0  0  1  1  1  1  0  0  0  0  0  1  1  1  1  0  0  0  0  0  0  1  1  1  1  0 
026  0  0  0  0  0  0  1  1  1  1  0  0  0  0  0  0  1  1  1  1  0  0  0  0  0  0  1  1  1  1  0  0  0  0  0  1  1  1  1  0  0  0  0  0  0  1  1  1  1
027  1  0  0  0  0  0  0  1  1  1  1  0  0  0  0  0  0  1  1  1  1  0  0  0  0  0  0  1  1  1  1  0  0  0  0  0  1  1  1  1  0  0  0  0  0  0  1  1  1 
028  1  1  0  0  0  0  0  0  1  1  1  1  0  0  0  0  0  0  1  1  1  1  0  0  0  0  0  0  1  1  1  1  0  0  0  0  0  1  1  1  1  0  0  0  0  0  0  1  1
029  1  1  1  0  0  0  0  0  0  1  1  1  1  0  0  0  0  0  0  1  1  1  1  0  0  0  0  0  0  1  1  1  1  0  0  0  0  0  1  1  1  1  0  0  0  0  0  0  1
030  1  1  1  1  0  0  0  0  0  0  1  1  1  1  0  0  0  0  0  0  1  1  1  1  0  0  0  0  0  0  1  1  1  1  0  0  0  0  0  1  1  1  1  0  0  0  0  0  0 
031  0  1  1  1  1  0  0  0  0  0  0  1  1  1  1  0  0  0  0  0  0  1  1  1  1  0  0  0  0  0  0  1  1  1  1  0  0  0  0  0  1  1  1  1  0  0  0  0  0 
032  0  0  1  1  1  1  0  0  0  0  0  0  1  1  1  1  0  0  0  0  0  0  1  1  1  1  0  0  0  0  0  0  1  1  1  1  0  0  0  0  0  1  1  1  1  0  0  0  0 
033  0  0  0  1  1  1  1  0  0  0  0  0  0  1  1  1  1  0  0  0  0  0  0  1  1  1  1  0  0  0  0  0  0  1  1  1  1  0  0  0  0  0  1  1  1  1  0  0  0 
034  0  0  0  0  1  1  1  1  0  0  0  0  0  0  1  1  1  1  0  0  0  0  0  0  1  1  1  1  0  0  0  0  0  0  1  1  1  1  0  0  0  0  0  1  1  1  1  0  0  
035  0  0  0  0  0  1  1  1  1  0  0  0  0  0  0  1  1  1  1  0  0  0  0  0  0  1  1  1  1  0  0  0  0  0  0  1  1  1  1  0  0  0  0  0  1  1  1  1  0  
036  0  0  0  0  0  0  1  1  1  1  0  0  0  0  0  0  1  1  1  1  0  0  0  0  0  0  1  1  1  1  0  0  0  0  0  0  1  1  1  1  0  0  0  0  0  1  1  1  1 
037  1  0  0  0  0  0  0  1  1  1  1  0  0  0  0  0  0  1  1  1  1  0  0  0  0  0  0  1  1  1  1  0  0  0  0  0  0  1  1  1  1  0  0  0  0  0  1  1  1  
038  1  1  0  0  0  0  0  0  1  1  1  1  0  0  0  0  0  0  1  1  1  1  0  0  0  0  0  0  1  1  1  1  0  0  0  0  0  0  1  1  1  1  0  0  0  0  0  1  1 
039  1  1  1  0  0  0  0  0  0  1  1  1  1  0  0  0  0  0  0  1  1  1  1  0  0  0  0  0  0  1  1  1  1  0  0  0  0  0  0  1  1  1  1  0  0  0  0  0  1  
040  1  1  1  1  0  0  0  0  0  0  1  1  1  1  0  0  0  0  0  0  1  1  1  1  0  0  0  0  0  0  1  1  1  1  0  0  0  0  0  0  1  1  1  1  0  0  0  0  0
041  0  1  1  1  1  0  0  0  0  0  0  1  1  1  1  0  0  0  0  0  0  1  1  1  1  0  0  0  0  0  0  1  1  1  1  0  0  0  0  0  0  1  1  1  1  0  0  0  0  
042  0  0  1  1  1  1  0  0  0  0  0  0  1  1  1  1  0  0  0  0  0  0  1  1  1  1  0  0  0  0  0  0  1  1  1  1  0  0  0  0  0  0  1  1  1  1  0  0  0  
043  0  0  0  1  1  1  1  0  0  0  0  0  0  1  1  1  1  0  0  0  0  0  0  1  1  1  1  0  0  0  0  0  0  1  1  1  1  0  0  0  0  0  0  1  1  1  1  0  0  
044  0  0  0  0  1  1  1  1  0  0  0  0  0  0  1  1  1  1  0  0  0  0  0  0  1  1  1  1  0  0  0  0  0  0  1  1  1  1  0  0  0  0  0  0  1  1  1  1  0  
045  0  0  0  0  0  1  1  1  1  0  0  0  0  0  0  1  1  1  1  0  0  0  0  0  0  1  1  1  1  0  0  0  0  0  0  1  1  1  1  0  0  0  0  0  0  1  1  1  1  
046  1  0  0  0  0  0  1  1  1  1  0  0  0  0  0  0  1  1  1  1  0  0  0  0  0  0  1  1  1  1  0  0  0  0  0  0  1  1  1  1  0  0  0  0  0  0  1  1  1  
047  1  1  0  0  0  0  0  1  1  1  1  0  0  0  0  0  0  1  1  1  1  0  0  0  0  0  0  1  1  1  1  0  0  0  0  0  0  1  1  1  1  0  0  0  0  0  0  1  1  
048  1  1  1  0  0  0  0  0  1  1  1  1  0  0  0  0  0  0  1  1  1  1  0  0  0  0  0  0  1  1  1  1  0  0  0  0  0  0  1  1  1  1  0  0  0  0  0  0  1  
