#ID     01 02 03 04 05 06 07 08 09 10 11 12 13 14 15 16 17 18 19 20 21 22 23 24 25 26 27 28 29 30 31 32 33 34 35 36 37 38 39 40 41 42 43 44 45 46 47 48 4
000     3  3  3  3  3  2  2  2  2  0  0  0  0  0  0  2  2  2  2  0  0  0  0  0  0  2  2  2  2  0  0  0  0  0  0  2  2  2  2  0  0  0  0  0  0  0  0  0  0
001     3  3  3  3  3  0  2  2  2  2  0  0  0  0  0  0  2  2  2  2  0  0  0  0  0  0  2  2  2  2  0  0  0  0  0  0  2  2  2  2  0  0  0  0  0  0  0  0  0
002     3  3  3  3  3  0  0  2  2  2  2  0  0  0  0  0  0  2  2  2  2  0  0  0  0  0  0  2  2  2  2  0  0  0  0  0  0  2  2  2  2  0  0  0  0  0  0  0  0
003     3  3  3  3  3  0  0  0  2  2  2  2  0  0  0  0  0  0  2  2  2  2  0  0  0  0  0  0  2  2  2  2  0  0  0  0  0  0  2  2  2  2  0  0  0  0  0  0  0
004     3  3  3  3  3  0  0  0  0  2  2  2  2  0  0  0  0  0  0  2  2  2  2  0  0  0  0  0  0  2  2  2  2  0  0  0  0  0  0  2  2  2  2  0  0  0  0  0  0
005     3  3  3  3  3  0  0  0  0  0  2  2  2  2  0  0  0  0  0  0  2  2  2  2  0  0  0  0  0  0  2  2  2  2  0  0  0  0  0  0  2  2  2  2  0  0  0  0  0
006     3  3  3  3  3  0  0  0  0  0  0  2  2  2  2  0  0  0  0  0  0  2  2  2  2  0  0  0  0  0  0  2  2  2  2  0  0  0  0  0  0  2  2  2  2  0  0  0  0
007     3  3  3  3  3  2  0  0  0  0  0  0  2  2  2  2  0  0  0  0  0  0  2  2  2  2  0  0  0  0  0  0  2  2  2  2  0  0  0  0  0  0  2  2  2  0  0  0  0
008     3  3  3  3  3  2  2  0  0  0  0  0  0  2  2  2  2  0  0  0  0  0  0  2  2  2  2  0  0  0  0  0  0  2  2  2  2  0  0  0  0  0  0  2  2  0  0  0  0
009     3  3  3  3  3  2  2  2  0  0  0  0  0  0  2  2  2  2  0  0  0  0  0  0  2  2  2  2  0  0  0  0  0  0  2  2  2  2  0  0  0  0  0  0  2  0  0  0  0
010     3  3  3  3  3  2  2  2  2  0  0  0  0  0  0  2  2  2  2  0  0  0  0  0  0  2  2  2  2  0  0  0  0  0  0  2  2  2  2  0  0  0  0  0  0  0  0  0  0
011     3  3  3  3  3  0  2  2  2  2  0  0  0  0  0  0  2  2  2  2  0  0  0  0  0  0  2  2  2  2  0  0  0  0  0  0  2  2  2  2  0  0  0  0  0  0  0  0  0
012     3  3  3  3  3  0  0  2  2  2  2  0  0  0  0  0  0  2  2  2  2  0  0  0  0  0  0  2  2  2  2  0  0  0  0  0  0  2  2  2  2  0  0  0  0  0  0  0  0
013     3  3  3  3  3  0  0  0  2  2  2  2  0  0  0  0  0  0  2  2  2  2  0  0  0  0  0  0  2  2  2  2  0  0  0  0  0  0  2  2  2  2  0  0  0  0  0  0  0
014     3  3  3  3  3  0  0  0  0  2  2  2  2  0  0  0  0  0  0  2  2  2  2  0  0  0  0  0  0  2  2  2  2  0  0  0  0  0  0  2  2  2  2  0  0  0  0  0  0
015     3  3  3  3  3  0  0  0  0  0  2  2  2  2  0  0  0  0  0  0  2  2  2  2  0  0  0  0  0  0  2  2  2  2  0  0  0  0  0  0  2  2  2  2  0  0  0  0  0
016     3  3  3  3  3  0  0  0  0  0  0  2  2  2  2  0  0  0  0  0  0  2  2  2  2  0  0  0  0  0  0  2  2  2  2  0  0  0  0  0  0  2  2  2  2  0  0  0  0
017     3  3  3  3  3  2  0  0  0  0  0  0  2  2  2  2  0  0  0  0  0  0  2  2  2  2  0  0  0  0  0  0  2  2  2  2  0  0  0  0  0  0  2  2  2  0  0  0  0
018     3  3  3  3  3  2  2  0  0  0  0  0  0  2  2  2  2  0  0  0  0  0  0  2  2  2  2  0  0  0  0  0  0  2  2  2  2  0  0  0  0  0  0  2  2  0  0  0  0
019     3  3  3  3  3  2  2  2  0  0  0  0  0  0  2  2  2  2  0  0  0  0  0  0  2  2  2  2  0  0  0  0  0  0  2  2  2  2  0  0  0  0  0  0  2  0  0  0  0
020     3  3  3  3  3  2  2  2  2  0  0  0  0  0  0  2  2  2  2  0  0  0  0  0  0  2  2  2  2  0  0  0  0  0  0  2  2  2  2  0  0  0  0  0  0  0  0  0  0
021     3  3  3  3  3  0  2  2  2  2  0  0  0  0  0  0  2  2  2  2  0  0  0  0  0  0  2  2  2  2  0  0  0  0  0  0  2  2  2  2  0  0  0  0  0  0  0  0  0
022     3  3  3  3  3  0  0  2  2  2  2  0  0  0  0  0  0  2  2  2  2  0  0  0  0  0  0  2  2  2  2  0  0  0  0  0  0  2  2  2  2  0  0  0  0  0  0  0  0
023     3  3  3  3  3  0  0  0  2  2  2  2  0  0  0  0  0  0  2  2  2  2  0  0  0  0  0  0  2  2  2  2  0  0  0  0  0  0  2  2  2  2  0  0  0  0  0  0  0
024     3  3  3  3  3  0  0  0  0  2  2  2  2  0  0  0  0  0  0  2  2  2  2  0  0  0  0  0  0  2  2  2  2  0  0  0  0  0  0  2  2  2  2  0  0  0  0  0  0
025     3  3  3  3  3  0  0  0  0  0  2  2  2  2  0  0  0  0  0  0  2  2  2  2  0  0  0  0  0  0  2  2  2  2  0  0  0  0  0  0  2  2  2  2  0  0  0  0  0
026     3  3  3  3  3  2  0  0  0  0  0  2  2  2  2  0  0  0  0  0  0  2  2  2  2  0  0  0  0  0  0  2  2  2  2  0  0  0  0  0  0  0  2  2  2  0  0  0  0
027     3  3  3  3  3  2  2  0  0  0  0  0  2  2  2  2  0  0  0  0  0  0  2  2  2  2  0  0  0  0  0  0  2  2  2  2  0  0  0  0  0  0  0  2  2  0  0  0  0
028     3  3  3  3  3  2  2  2  0  0  0  0  0  2  2  2  2  0  0  0  0  0  0  2  2  2  2  0  0  0  0  0  0  2  2  2  2  0  0  0  0  0  0  0  2  0  0  0  0
029     3  3  3  3  3  2  2  2  2  0  0  0  0  0  2  2  2  2  0  0  0  0  0  0  2  2  2  2  0  0  0  0  0  0  2  2  2  2  0  0  0  0  0  0  0  0  0  0  0
030     3  3  3  3  3  0  2  2  2  2  0  0  0  0  0  2  2  2  2  0  0  0  0  0  0  2  2  2  2  0  0  0  0  0  0  2  2  2  2  0  0  0  0  0  0  0  0  0  0
031     3  3  3  3  3  0  0  2  2  2  2  0  0  0  0  0  2  2  2  2  0  0  0  0  0  0  2  2  2  2  0  0  0  0  0  0  2  2  2  2  0  0  0  0  0  0  0  0  0
032     3  3  3  3  3  0  0  0  2  2  2  2  0  0  0  0  0  2  2  2  2  0  0  0  0  0  0  2  2  2  2  0  0  0  0  0  0  2  2  2  2  0  0  0  0  0  0  0  0
033     3  3  3  3  3  0  0  0  0  2  2  2  2  0  0  0  0  0  2  2  2  2  0  0  0  0  0  0  2  2  2  2  0  0  0  0  0  0  2  2  2  2  0  0  0  0  0  0  0
034     3  3  3  3  3  0  0  0  0  0  2  2  2  2  0  0  0  0  0  2  2  2  2  0  0  0  0  0  0  2  2  2  2  0  0  0  0  0  0  2  2  2  2  0  0  0  0  0  0
035     3  3  3  3  3  0  0  0  0  0  0  2  2  2  2  0  0  0  0  0  2  2  2  2  0  0  0  0  0  0  2  2  2  2  0  0  0  0  0  0  2  2  2  2  0  0  0  0  0
036     3  3  3  3  3  0  0  0  0  0  0  0  2  2  2  2  0  0  0  0  0  2  2  2  2  0  0  0  0  0  0  2  2  2  2  0  0  0  0  0  0  2  2  2  2  0  0  0  0
037     3  3  3  3  3  2  0  0  0  0  0  0  0  2  2  2  2  0  0  0  0  0  2  2  2  2  0  0  0  0  0  0  2  2  2  2  0  0  0  0  0  0  2  2  2  0  0  0  0
038     3  3  3  3  3  2  2  0  0  0  0  0  0  0  2  2  2  2  0  0  0  0  0  2  2  2  2  0  0  0  0  0  0  2  2  2  2  0  0  0  0  0  0  2  2  0  0  0  0
039     3  3  3  3  3  2  2  2  0  0  0  0  0  0  0  2  2  2  2  0  0  0  0  0  2  2  2  2  0  0  0  0  0  0  2  2  2  2  0  0  0  0  0  0  2  0  0  0  0
040     3  3  3  3  3  2  2  2  2  0  0  0  0  0  0  0  2  2  2  2  0  0  0  0  0  2  2  2  2  0  0  0  0  0  0  2  2  2  2  0  0  0  0  0  0  0  0  0  0
041     3  3  3  3  3  0  2  2  2  2  0  0  0  0  0  0  0  2  2  2  2  0  0  0  0  0  2  2  2  2  0  0  0  0  0  0  2  2  2  2  0  0  0  0  0  0  0  0  0
042     3  3  3  3  3  0  0  2  2  2  2  0  0  0  0  0  0  0  2  2  2  2  0  0  0  0  0  2  2  2  2  0  0  0  0  0  0  2  2  2  2  0  0  0  0  0  0  0  0
043     3  3  3  3  3  0  0  0  2  2  2  2  0  0  0  0  0  0  0  2  2  2  2  0  0  0  0  0  2  2  2  2  0  0  0  0  0  0  2  2  2  2  0  0  0  0  0  0  0
044     3  3  3  3  3  0  0  0  0  2  2  2  2  0  0  0  0  0  0  0  2  2  2  2  0  0  0  0  0  2  2  2  2  0  0  0  0  0  0  2  2  2  2  0  0  0  0  0  0
045     3  3  3  3  3  0  0  0  0  0  2  2  2  2  0  0  0  0  0  0  0  2  2  2  2  0  0  0  0  0  2  2  2  2  0  0  0  0  0  0  2  2  2  2  0  0  0  0  0
046     3  3  3  3  3  0  0  0  0  0  0  2  2  2  2  0  0  0  0  0  0  0  2  2  2  2  0  0  0  0  0  2  2  2  2  0  0  0  0  0  0  2  2  2  2  0  0  0  0
047     3  3  3  3  3  2  0  0  0  0  0  0  2  2  2  2  0  0  0  0  0  0  0  2  2  2  2  0  0  0  0  0  2  2  2  2  0  0  0  0  0  0  2  2  2  0  0  0  0
048     3  3  3  3  3  2  2  0  0  0  0  0  0  2  2  2  2  0  0  0  0  0  0  0  2  2  2  2  0  0  0  0  0  2  2  2  2  0  0  0  0  0  0  2  2  0  0  0  0
049     3  3  3  3  3  2  2  2  0  2  0  0  0  0  0  2  2  2  0  2  0  0  0  0  0  2  2  2  0  2  0  0  0  0  0  2  2  2  0  2  0  0  0  0  0  0  0  0  0
050     3  3  3  3  3  0  2  2  2  0  2  0  0  0  0  0  2  2  2  0  2  0  0  0  0  0  2  2  2  0  2  0  0  0  0  0  2  2  2  0  2  0  0  0  0  0  0  0  0
